458 802
268 806
886 1578
1422 922
886 1578
1422 922
2378 1692
380 1734
1926 1686
1692 1190
4874 810
4980 809
6188 1188
6691 994
6775 991
6853 997
7950 961
8034 958
8112 964
6367 1500
7110 1641
8259 1374 
9693 796
7734 1015
9570 802
8649 805
8676 1713
9036 1713
9363 1707
8346 1377
6340 1185
5906 931
4660 1531
5293 1600
5395 1600
5509 1600
4094 796
4189 788
3209 624
3035 1544
3812 1355
2678 1403
2195 1008
3469 948
3094 1146
3982 794
3667 1360
2549 1408
1254 924
900 1126
732 1128
744 1578
800 298
1669 650
